Time	Node	AppId	SeqNo	Type	DelayS	DelayUS	RetxCount	HopCount
1.5033	0	0	0	LastDelay	0.000293144	293.144	1	1
1.5033	0	0	0	FullDelay	1.50329	1.50329e+06	4	1
1.52435	0	0	3	LastDelay	0.000698144	698.144	1	1
1.52435	0	0	3	FullDelay	0.0130987	13098.7	2	1
1.55981	0	0	4	LastDelay	0.000734144	734.144	1	1
1.55981	0	0	4	FullDelay	0.0304822	30482.2	3	1
1.57039	0	0	9	LastDelay	0.000761144	761.144	1	1
1.57039	0	0	9	FullDelay	0.000761144	761.144	1	1
1.5744	0	0	11	LastDelay	0.000752144	752.144	1	1
1.5744	0	0	11	FullDelay	0.000752144	752.144	1	1
1.57644	0	0	12	LastDelay	0.000743144	743.144	1	1
1.57644	0	0	12	FullDelay	0.000743144	743.144	1	1
1.57853	0	0	13	LastDelay	0.000716144	716.144	1	1
1.57853	0	0	13	FullDelay	0.000716144	716.144	1	1
2.43454	0	0	19	LastDelay	0.000752144	752.144	1	1
2.43454	0	0	19	FullDelay	0.834987	834987	2	1
2.44629	0	0	26	LastDelay	0.000725144	725.144	1	1
2.44629	0	0	26	FullDelay	0.000725144	725.144	1	1
2.46084	0	0	29	LastDelay	0.000734144	734.144	1	1
2.46084	0	0	29	FullDelay	0.000734144	734.144	1	1
2.48439	0	0	35	LastDelay	0.000734144	734.144	1	1
2.48439	0	0	35	FullDelay	0.000734144	734.144	1	1
3.59039	0	0	25	LastDelay	0.000752144	752.144	1	1
3.59039	0	0	25	FullDelay	1.14864	1.14864e+06	2	1
3.66145	0	0	60	LastDelay	0.000752144	752.144	1	1
3.66145	0	0	60	FullDelay	0.000752144	752.144	1	1
3.7131	0	0	34	LastDelay	0.000734144	734.144	1	1
3.7131	0	0	34	FullDelay	1.23325	1.23325e+06	2	1
3.71931	0	0	66	LastDelay	0.000761144	761.144	1	1
3.71931	0	0	66	FullDelay	0.000761144	761.144	1	1
3.72332	0	0	68	LastDelay	0.000725144	725.144	1	1
3.72332	0	0	68	FullDelay	0.000725144	725.144	1	1
4.66177	0	0	84	LastDelay	0.000734144	734.144	1	1
4.66177	0	0	84	FullDelay	0.000734144	734.144	1	1
4.67562	0	0	90	LastDelay	0.000743144	743.144	1	1
4.67562	0	0	90	FullDelay	0.000743144	743.144	1	1
4.69565	0	0	99	LastDelay	0.000689144	689.144	1	1
4.69565	0	0	99	FullDelay	0.000689144	689.144	1	1
4.93239	0	0	50	LastDelay	0.000752144	752.144	1	1
4.93239	0	0	50	FullDelay	1.33501	1.33501e+06	2	1
4.94029	0	0	53	LastDelay	0.000734144	734.144	1	1
4.94029	0	0	53	FullDelay	1.3371	1.3371e+06	2	1
4.95259	0	0	20	LastDelay	0.000689144	689.144	1	1
4.95259	0	0	20	FullDelay	3.34922	3.34922e+06	4	1
4.96851	0	0	57	LastDelay	0.000761144	761.144	1	1
4.96851	0	0	57	FullDelay	1.35756	1.35756e+06	2	1
4.97434	0	0	112	LastDelay	0.000734144	734.144	1	1
4.97434	0	0	112	FullDelay	0.000734144	734.144	1	1
4.99048	0	0	120	LastDelay	0.000761144	761.144	1	1
4.99048	0	0	120	FullDelay	0.000761144	761.144	1	1
5.00434	0	0	72	LastDelay	0.000734144	734.144	1	1
5.00434	0	0	72	FullDelay	1.27355	1.27355e+06	2	1
5.01458	0	0	75	LastDelay	0.000761144	761.144	1	1
5.01458	0	0	75	FullDelay	1.27787	1.27787e+06	2	1
5.04699	0	0	83	LastDelay	0.000752144	752.144	1	1
5.04699	0	0	83	FullDelay	1.29433	1.29433e+06	2	1
5.06492	0	0	62	LastDelay	0.000761144	761.144	1	1
5.06492	0	0	62	FullDelay	1.3964	1.3964e+06	2	1
5.10099	0	0	36	LastDelay	0.000725144	725.144	1	1
5.10099	0	0	36	FullDelay	2.61329	2.61329e+06	3	1
5.10511	0	0	37	LastDelay	0.000734144	734.144	1	1
5.10511	0	0	37	FullDelay	2.6135	2.6135e+06	3	1
5.10919	0	0	38	LastDelay	0.000725144	725.144	1	1
5.10919	0	0	38	FullDelay	2.61363	2.61363e+06	3	1
5.11723	0	0	135	LastDelay	0.000752144	752.144	1	1
5.11723	0	0	135	FullDelay	0.000752144	752.144	1	1
5.1253	0	0	139	LastDelay	0.000707144	707.144	1	1
5.1253	0	0	139	FullDelay	0.000707144	707.144	1	1
5.12919	0	0	141	LastDelay	0.000734144	734.144	1	1
5.12919	0	0	141	FullDelay	0.000734144	734.144	1	1
5.14912	0	0	151	LastDelay	0.000743144	743.144	1	1
5.14912	0	0	151	FullDelay	0.000743144	743.144	1	1
5.15312	0	0	153	LastDelay	0.000725144	725.144	1	1
5.15312	0	0	153	FullDelay	0.000725144	725.144	1	1
5.17311	0	0	65	LastDelay	0.000752144	752.144	1	1
5.17311	0	0	65	FullDelay	1.4565	1.4565e+06	2	1
5.21717	0	0	23	LastDelay	0.000698144	698.144	1	1
5.21717	0	0	23	FullDelay	3.60186	3.60186e+06	4	1
5.22746	0	0	162	LastDelay	0.000743144	743.144	1	1
5.22746	0	0	162	FullDelay	0.000743144	743.144	1	1
5.24169	0	0	165	LastDelay	0.000761144	761.144	1	1
5.24169	0	0	165	FullDelay	0.000761144	761.144	1	1
6.07224	0	0	91	LastDelay	0.000752144	752.144	1	1
6.07224	0	0	91	FullDelay	1.39546	1.39546e+06	2	1
6.08036	0	0	7	LastDelay	0.000725144	725.144	1	1
6.08036	0	0	7	FullDelay	4.54301	4.54301e+06	6	1
6.08454	0	0	94	LastDelay	0.000761144	761.144	1	1
6.08454	0	0	94	FullDelay	1.40188	1.40188e+06	2	1
6.09299	0	0	96	LastDelay	0.000761144	761.144	1	1
6.09299	0	0	96	FullDelay	1.40624	1.40624e+06	2	1
6.10107	0	0	173	LastDelay	0.000734144	734.144	1	1
6.10107	0	0	173	FullDelay	0.000734144	734.144	1	1
6.1072	0	0	176	LastDelay	0.000743144	743.144	1	1
6.1072	0	0	176	FullDelay	0.000743144	743.144	1	1
6.11122	0	0	178	LastDelay	0.000752144	752.144	1	1
6.11122	0	0	178	FullDelay	0.000752144	752.144	1	1
6.12116	0	0	183	LastDelay	0.000761144	761.144	1	1
6.12116	0	0	183	FullDelay	0.000761144	761.144	1	1
6.12717	0	0	186	LastDelay	0.000761144	761.144	1	1
6.12717	0	0	186	FullDelay	0.000761144	761.144	1	1
6.13107	0	0	188	LastDelay	0.000743144	743.144	1	1
6.13107	0	0	188	FullDelay	0.000743144	743.144	1	1
6.13889	0	0	192	LastDelay	0.000752144	752.144	1	1
6.13889	0	0	192	FullDelay	0.000752144	752.144	1	1
6.19103	0	0	202	LastDelay	0.000761144	761.144	1	1
6.19103	0	0	202	FullDelay	0.000761144	761.144	1	1
6.20462	0	0	5	LastDelay	0.000743144	743.144	1	1
6.20462	0	0	5	FullDelay	4.67128	4.67128e+06	7	1
6.20856	0	0	8	LastDelay	0.000734144	734.144	1	1
6.20856	0	0	8	FullDelay	4.64105	4.64105e+06	5	1
6.23618	0	0	214	LastDelay	0.000743144	743.144	1	1
6.23618	0	0	214	FullDelay	0.000743144	743.144	1	1
6.24405	0	0	216	LastDelay	0.000689144	689.144	1	1
6.24405	0	0	216	FullDelay	0.000689144	689.144	1	1
6.25228	0	0	218	LastDelay	0.000761144	761.144	1	1
6.25228	0	0	218	FullDelay	0.000761144	761.144	1	1
6.26012	0	0	220	LastDelay	0.000689144	689.144	1	1
6.26012	0	0	220	FullDelay	0.000689144	689.144	1	1
6.26441	0	0	221	LastDelay	0.000743144	743.144	1	1
6.26441	0	0	221	FullDelay	0.000743144	743.144	1	1
6.2722	0	0	155	LastDelay	0.000689144	689.144	1	1
6.2722	0	0	155	FullDelay	1.09581	1.09581e+06	2	1
6.28024	0	0	226	LastDelay	0.000752144	752.144	1	1
6.28024	0	0	226	FullDelay	0.000752144	752.144	1	1
6.29011	0	0	159	LastDelay	0.000725144	725.144	1	1
6.29011	0	0	159	FullDelay	1.09735	1.09735e+06	2	1
6.30427	0	0	230	LastDelay	0.000761144	761.144	1	1
6.30427	0	0	230	FullDelay	0.000761144	761.144	1	1
6.37268	0	0	42	LastDelay	0.000743144	743.144	1	1
6.37268	0	0	42	FullDelay	3.03785	3.03785e+06	3	1
6.38259	0	0	45	LastDelay	0.000743144	743.144	1	1
6.38259	0	0	45	FullDelay	3.03622	3.03622e+06	3	1
6.38458	0	0	102	LastDelay	0.000752144	752.144	1	1
6.38458	0	0	102	FullDelay	1.67771	1.67771e+06	2	1
6.43865	0	0	30	LastDelay	0.000761144	761.144	1	1
6.43865	0	0	30	FullDelay	3.97457	3.97457e+06	4	1
6.45044	0	0	252	LastDelay	0.000725144	725.144	1	1
6.45044	0	0	252	FullDelay	0.000725144	725.144	1	1
6.45657	0	0	255	LastDelay	0.000761144	761.144	1	1
6.45657	0	0	255	FullDelay	0.000761144	761.144	1	1
6.45857	0	0	256	LastDelay	0.000698144	698.144	1	1
6.45857	0	0	256	FullDelay	0.000698144	698.144	1	1
6.47695	0	0	17	LastDelay	0.000761144	761.144	1	1
6.47695	0	0	17	FullDelay	4.88526	4.88526e+06	5	1
6.50863	0	0	144	LastDelay	0.000761144	761.144	1	1
6.50863	0	0	144	FullDelay	1.37429	1.37429e+06	2	1
6.54437	0	0	115	LastDelay	0.000743144	743.144	1	1
6.54437	0	0	115	FullDelay	1.56469	1.56469e+06	2	1
6.55653	0	0	118	LastDelay	0.000716144	716.144	1	1
6.55653	0	0	118	FullDelay	1.57096	1.57096e+06	2	1
6.56876	0	0	119	LastDelay	0.000716144	716.144	1	1
6.56876	0	0	119	FullDelay	1.58116	1.58116e+06	2	1
6.59273	0	0	270	LastDelay	0.000752144	752.144	1	1
6.59273	0	0	270	FullDelay	0.000752144	752.144	1	1
6.61271	0	0	275	LastDelay	0.000743144	743.144	1	1
6.61271	0	0	275	FullDelay	0.000743144	743.144	1	1
6.63682	0	0	277	LastDelay	0.000761144	761.144	1	1
6.63682	0	0	277	FullDelay	0.000761144	761.144	1	1
6.65245	0	0	280	LastDelay	0.000761144	761.144	1	1
6.65245	0	0	280	FullDelay	0.000761144	761.144	1	1
6.72639	0	0	296	LastDelay	0.000752144	752.144	1	1
6.72639	0	0	296	FullDelay	0.000752144	752.144	1	1
6.75007	0	0	123	LastDelay	0.000716144	716.144	1	1
6.75007	0	0	123	FullDelay	1.69586	1.69586e+06	2	1
6.76003	0	0	125	LastDelay	0.000716144	716.144	1	1
6.76003	0	0	125	FullDelay	1.70196	1.70196e+06	2	1
6.79022	0	0	168	LastDelay	0.000752144	752.144	1	1
6.79022	0	0	168	FullDelay	1.53783	1.53783e+06	2	1
6.79818	0	0	171	LastDelay	0.000734144	734.144	1	1
6.79818	0	0	171	FullDelay	1.53371	1.53371e+06	2	1
6.80409	0	0	298	LastDelay	0.000698144	698.144	1	1
6.80409	0	0	298	FullDelay	0.000698144	698.144	1	1
6.80999	0	0	77	LastDelay	0.000689144	689.144	1	1
6.80999	0	0	77	FullDelay	3.06923	3.06923e+06	3	1
6.83	0	0	81	LastDelay	0.000752144	752.144	1	1
6.83	0	0	81	FullDelay	3.08135	3.08135e+06	3	1
6.86	0	0	310	LastDelay	0.000725144	725.144	1	1
6.86	0	0	310	FullDelay	0.000725144	725.144	1	1
6.8721	0	0	316	LastDelay	0.000761144	761.144	1	1
6.8721	0	0	316	FullDelay	0.000761144	761.144	1	1
6.90238	0	0	195	LastDelay	0.000725144	725.144	1	1
6.90238	0	0	195	FullDelay	0.758145	758145	2	1
6.93421	0	0	85	LastDelay	0.000725144	725.144	1	1
6.93421	0	0	85	FullDelay	2.26915	2.26915e+06	3	1
6.94	0	0	196	LastDelay	0.000761144	761.144	1	1
6.94	0	0	196	FullDelay	0.793736	793736	2	1
6.95172	0	0	322	LastDelay	0.000761144	761.144	1	1
6.95172	0	0	322	FullDelay	0.000761144	761.144	1	1
6.96164	0	0	327	LastDelay	0.000752144	752.144	1	1
6.96164	0	0	327	FullDelay	0.000752144	752.144	1	1
6.96572	0	0	329	LastDelay	0.000761144	761.144	1	1
6.96572	0	0	329	FullDelay	0.000761144	761.144	1	1
6.9754	0	0	191	LastDelay	0.000716144	716.144	1	1
6.9754	0	0	191	FullDelay	0.839203	839203	2	1
7.0064	0	0	337	LastDelay	0.000761144	761.144	1	1
7.0064	0	0	337	FullDelay	0.000761144	761.144	1	1
7.01031	0	0	338	LastDelay	0.000752144	752.144	1	1
7.01031	0	0	338	FullDelay	0.000752144	752.144	1	1
7.0643	0	0	187	LastDelay	0.000734144	734.144	1	1
7.0643	0	0	187	FullDelay	0.935944	935944	2	1
7.2011	0	0	357	LastDelay	0.000752144	752.144	1	1
7.2011	0	0	357	FullDelay	0.000752144	752.144	1	1
7.20906	0	0	359	LastDelay	0.000752144	752.144	1	1
7.20906	0	0	359	FullDelay	0.000752144	752.144	1	1
7.39206	0	0	200	LastDelay	0.000707144	707.144	1	1
7.39206	0	0	200	FullDelay	1.20965	1.20965e+06	2	1
7.39996	0	0	204	LastDelay	0.000743144	743.144	1	1
7.39996	0	0	204	FullDelay	1.20378	1.20378e+06	2	1
7.40195	0	0	205	LastDelay	0.000761144	761.144	1	1
7.40195	0	0	205	FullDelay	1.20389	1.20389e+06	2	1
7.41392	0	0	154	LastDelay	0.000707144	707.144	1	1
7.41392	0	0	154	FullDelay	2.25943	2.25943e+06	3	1
7.56494	0	0	377	LastDelay	0.000752144	752.144	1	1
7.56494	0	0	377	FullDelay	0.000752144	752.144	1	1
7.57266	0	0	380	LastDelay	0.000725144	725.144	1	1
7.57266	0	0	380	FullDelay	0.000725144	725.144	1	1
7.57477	0	0	217	LastDelay	0.000752144	752.144	1	1
7.57477	0	0	217	FullDelay	1.32727	1.32727e+06	2	1
7.58055	0	0	383	LastDelay	0.000743144	743.144	1	1
7.58055	0	0	383	FullDelay	0.000743144	743.144	1	1
7.70113	0	0	212	LastDelay	0.000734144	734.144	1	1
7.70113	0	0	212	FullDelay	1.47388	1.47388e+06	2	1
7.72171	0	0	95	LastDelay	0.000761144	761.144	1	1
7.72171	0	0	95	FullDelay	3.03698	3.03698e+06	3	1
7.84225	0	0	233	LastDelay	0.000725144	725.144	1	1
7.84225	0	0	233	FullDelay	1.53086	1.53086e+06	2	1
7.84645	0	0	234	LastDelay	0.000707144	707.144	1	1
7.84645	0	0	234	FullDelay	1.53313	1.53313e+06	2	1
7.8667	0	0	239	LastDelay	0.000752144	752.144	1	1
7.8667	0	0	239	FullDelay	1.54336	1.54336e+06	2	1
7.8707	0	0	240	LastDelay	0.000743144	743.144	1	1
7.8707	0	0	240	FullDelay	1.54529	1.54529e+06	2	1
7.87266	0	0	241	LastDelay	0.000752144	752.144	1	1
7.87266	0	0	241	FullDelay	1.54514	1.54514e+06	2	1
7.9311	0	0	6	LastDelay	0.000761144	761.144	1	1
7.9311	0	0	6	FullDelay	6.39571	6.39571e+06	8	1
8.00832	0	0	100	LastDelay	0.000743144	743.144	1	1
8.00832	0	0	100	FullDelay	3.3094	3.3094e+06	3	1
8.01622	0	0	253	LastDelay	0.000734144	734.144	1	1
8.01622	0	0	253	FullDelay	1.56441	1.56441e+06	2	1
8.15396	0	0	47	LastDelay	0.000689144	689.144	1	1
8.15396	0	0	47	FullDelay	4.79929	4.79929e+06	4	1
8.16577	0	0	105	LastDelay	0.000734144	734.144	1	1
8.16577	0	0	105	FullDelay	3.42434	3.42434e+06	3	1
8.17794	0	0	107	LastDelay	0.000761144	761.144	1	1
8.17794	0	0	107	FullDelay	3.42814	3.42814e+06	3	1
8.18816	0	0	110	LastDelay	0.000725144	725.144	1	1
8.18816	0	0	110	FullDelay	3.42655	3.42655e+06	3	1
8.19229	0	0	111	LastDelay	0.000761144	761.144	1	1
8.19229	0	0	111	FullDelay	3.42685	3.42685e+06	3	1
8.20613	0	0	265	LastDelay	0.000761144	761.144	1	1
8.20613	0	0	265	FullDelay	1.7145	1.7145e+06	2	1
8.24198	0	0	145	LastDelay	0.000752144	752.144	1	1
8.24198	0	0	145	FullDelay	3.10574	3.10574e+06	3	1
8.2502	0	0	147	LastDelay	0.000752144	752.144	1	1
8.2502	0	0	147	FullDelay	3.10992	3.10992e+06	3	1
8.25438	0	0	148	LastDelay	0.000752144	752.144	1	1
8.25438	0	0	148	FullDelay	3.11207	3.11207e+06	3	1
8.27456	0	0	268	LastDelay	0.000761144	761.144	1	1
8.27456	0	0	268	FullDelay	1.69851	1.69851e+06	2	1
8.32172	0	0	272	LastDelay	0.000761144	761.144	1	1
8.32172	0	0	272	FullDelay	1.72168	1.72168e+06	2	1
8.36557	0	0	348	LastDelay	0.000743144	743.144	1	1
8.36557	0	0	348	FullDelay	1.3342	1.3342e+06	2	1
8.3713	0	0	350	LastDelay	0.000734144	734.144	1	1
8.3713	0	0	350	FullDelay	1.33599	1.33599e+06	2	1
8.38934	0	0	282	LastDelay	0.000707144	707.144	1	1
8.38934	0	0	282	FullDelay	1.73382	1.73382e+06	2	1
8.40148	0	0	48	LastDelay	0.000752144	752.144	1	1
8.40148	0	0	48	FullDelay	4.80802	4.80802e+06	4	1
8.40975	0	0	285	LastDelay	0.000761144	761.144	1	1
8.40975	0	0	285	FullDelay	1.74818	1.74818e+06	2	1
8.46551	0	0	297	LastDelay	0.000698144	698.144	1	1
8.46551	0	0	297	FullDelay	1.66413	1.66413e+06	2	1
8.49349	0	0	278	LastDelay	0.000725144	725.144	1	1
8.49349	0	0	278	FullDelay	1.84565	1.84565e+06	2	1
8.50938	0	0	332	LastDelay	0.000761144	761.144	1	1
8.50938	0	0	332	FullDelay	1.52317	1.52317e+06	2	1
8.55728	0	0	311	LastDelay	0.000743144	743.144	1	1
8.55728	0	0	311	FullDelay	1.69597	1.69597e+06	2	1
8.56549	0	0	314	LastDelay	0.000734144	734.144	1	1
8.56549	0	0	314	FullDelay	1.69808	1.69808e+06	2	1
8.56951	0	0	190	LastDelay	0.000752144	752.144	1	1
8.56951	0	0	190	FullDelay	2.43519	2.43519e+06	3	1
8.57931	0	0	70	LastDelay	0.000725144	725.144	1	1
8.57931	0	0	70	FullDelay	4.8525	4.8525e+06	4	1
8.60334	0	0	21	LastDelay	0.000725144	725.144	1	1
8.60334	0	0	21	FullDelay	6.99595	6.99595e+06	6	1
8.60749	0	0	56	LastDelay	0.000707144	707.144	1	1
8.60749	0	0	56	FullDelay	4.99842	4.99842e+06	4	1
8.61949	0	0	121	LastDelay	0.000761144	761.144	1	1
8.61949	0	0	121	FullDelay	3.56927	3.56927e+06	3	1
8.63168	0	0	163	LastDelay	0.000707144	707.144	1	1
8.63168	0	0	163	FullDelay	3.39906	3.39906e+06	3	1
8.65623	0	0	301	LastDelay	0.000752144	752.144	1	1
8.65623	0	0	301	FullDelay	1.81489	1.81489e+06	2	1
8.66046	0	0	302	LastDelay	0.000734144	734.144	1	1
8.66046	0	0	302	FullDelay	1.81706	1.81706e+06	2	1
8.66455	0	0	136	LastDelay	0.000743144	743.144	1	1
8.66455	0	0	136	FullDelay	3.54617	3.54617e+06	3	1
8.66645	0	0	137	LastDelay	0.000743144	743.144	1	1
8.66645	0	0	137	FullDelay	3.54601	3.54601e+06	3	1
8.67633	0	0	132	LastDelay	0.000752144	752.144	1	1
8.67633	0	0	132	FullDelay	3.5803	3.5803e+06	3	1
8.69024	0	0	305	LastDelay	0.000752144	752.144	1	1
8.69024	0	0	305	FullDelay	1.84089	1.84089e+06	2	1
8.69237	0	0	59	LastDelay	0.000761144	761.144	1	1
8.69237	0	0	59	FullDelay	5.03582	5.03582e+06	4	1
8.6944	0	0	306	LastDelay	0.000761144	761.144	1	1
8.6944	0	0	306	FullDelay	1.84302	1.84302e+06	2	1
8.71268	0	0	194	LastDelay	0.000698144	698.144	1	1
8.71268	0	0	194	FullDelay	2.5705	2.5705e+06	3	1
8.77456	0	0	362	LastDelay	0.000716144	716.144	1	1
8.77456	0	0	362	FullDelay	1.37128	1.37128e+06	2	1
8.94421	0	0	180	LastDelay	0.000716144	716.144	1	1
8.94421	0	0	180	FullDelay	2.82972	2.82972e+06	3	1
9.04806	0	0	198	LastDelay	0.000752144	752.144	1	1
9.04806	0	0	198	FullDelay	2.87358	2.87358e+06	3	1
9.11212	0	0	382	LastDelay	0.000734144	734.144	1	1
9.11212	0	0	382	FullDelay	1.53423	1.53423e+06	2	1
9.18036	0	0	378	LastDelay	0.000752144	752.144	1	1
9.18036	0	0	378	FullDelay	1.6124	1.6124e+06	2	1
9.18422	0	0	219	LastDelay	0.000743144	743.144	1	1
9.18422	0	0	219	FullDelay	2.9286	2.9286e+06	3	1
9.23031	0	0	224	LastDelay	0.000725144	725.144	1	1
9.23031	0	0	224	FullDelay	2.95683	2.95683e+06	3	1
9.32639	0	0	213	LastDelay	0.000734144	734.144	1	1
9.32639	0	0	213	FullDelay	3.095	3.095e+06	3	1
9.35246	0	0	244	LastDelay	0.000725144	725.144	1	1
9.35246	0	0	244	FullDelay	3.01878	3.01878e+06	3	1
9.38824	0	0	210	LastDelay	0.000743144	743.144	1	1
9.38824	0	0	210	FullDelay	3.16868	3.16868e+06	3	1
9.39219	0	0	211	LastDelay	0.000734144	734.144	1	1
9.39219	0	0	211	FullDelay	3.16885	3.16885e+06	3	1
9.53967	0	0	257	LastDelay	0.000761144	761.144	1	1
9.53967	0	0	257	FullDelay	3.07986	3.07986e+06	3	1
9.66392	0	0	229	LastDelay	0.000752144	752.144	1	1
9.66392	0	0	229	FullDelay	3.36252	3.36252e+06	3	1
9.6821	0	0	237	LastDelay	0.000743144	743.144	1	1
9.6821	0	0	237	FullDelay	3.36278	3.36278e+06	3	1
9.91047	0	0	101	LastDelay	0.000752144	752.144	1	1
9.91047	0	0	101	FullDelay	5.20754	5.20754e+06	4	1
9.94641	0	0	248	LastDelay	0.000761144	761.144	1	1
9.94641	0	0	248	FullDelay	3.50444	3.50444e+06	3	1
9.95457	0	0	16	LastDelay	0.000734144	734.144	1	1
9.95457	0	0	16	FullDelay	8.3668	8.3668e+06	7	1
9.96672	0	0	262	LastDelay	0.000761144	761.144	1	1
9.96672	0	0	262	FullDelay	3.49263	3.49263e+06	3	1
10.0505	0	0	18	LastDelay	0.000707144	707.144	1	1
10.0505	0	0	18	FullDelay	8.4547	8.4547e+06	7	1
10.1245	0	0	247	LastDelay	0.000734144	734.144	1	1
10.1245	0	0	247	FullDelay	3.69037	3.69037e+06	3	1
10.1621	0	0	273	LastDelay	0.000761144	761.144	1	1
10.1621	0	0	273	FullDelay	3.55814	3.55814e+06	3	1
10.2628	0	0	189	LastDelay	0.000743144	743.144	1	1
10.2628	0	0	189	FullDelay	4.1304	4.1304e+06	4	1
10.2787	0	0	315	LastDelay	0.000734144	734.144	1	1
10.2787	0	0	315	FullDelay	3.40933	3.40933e+06	3	1
10.2948	0	0	339	LastDelay	0.000761144	761.144	1	1
10.2948	0	0	339	FullDelay	3.28133	3.28133e+06	3	1
10.3227	0	0	343	LastDelay	0.000689144	689.144	1	1
10.3227	0	0	343	FullDelay	3.3012	3.3012e+06	3	1
10.3289	0	0	284	LastDelay	0.000734144	734.144	1	1
10.3289	0	0	284	FullDelay	3.66928	3.66928e+06	3	1
10.337	0	0	344	LastDelay	0.000761144	761.144	1	1
10.337	0	0	344	FullDelay	3.31359	3.31359e+06	3	1
10.3447	0	0	49	LastDelay	0.000725144	725.144	1	1
10.3447	0	0	49	FullDelay	6.74922	6.74922e+06	5	1
10.3849	0	0	24	LastDelay	0.000761144	761.144	1	1
10.3849	0	0	24	FullDelay	8.76543	8.76543e+06	7	1
10.4329	0	0	51	LastDelay	0.000707144	707.144	1	1
10.4329	0	0	51	FullDelay	6.83356	6.83356e+06	5	1
10.4405	0	0	58	LastDelay	0.000743144	743.144	1	1
10.4405	0	0	58	FullDelay	6.82765	6.82765e+06	5	1
10.4799	0	0	351	LastDelay	0.000698144	698.144	1	1
10.4799	0	0	351	FullDelay	3.41448	3.41448e+06	3	1
10.5456	0	0	303	LastDelay	0.000689144	689.144	1	1
10.5456	0	0	303	FullDelay	3.7001	3.7001e+06	3	1
10.5657	0	0	22	LastDelay	0.000743144	743.144	1	1
10.5657	0	0	22	FullDelay	8.95458	8.95458e+06	7	1
10.6014	0	0	164	LastDelay	0.000752144	752.144	1	1
10.6014	0	0	164	FullDelay	5.36461	5.36461e+06	4	1
10.6496	0	0	74	LastDelay	0.000761144	761.144	1	1
10.6496	0	0	74	FullDelay	6.91483	6.91483e+06	5	1
10.6553	0	0	193	LastDelay	0.000734144	734.144	1	1
10.6553	0	0	193	FullDelay	4.51509	4.51509e+06	4	1
10.6734	0	0	33	LastDelay	0.000752144	752.144	1	1
10.6734	0	0	33	FullDelay	8.1977	8.1977e+06	6	1
10.6834	0	0	167	LastDelay	0.000743144	743.144	1	1
10.6834	0	0	167	FullDelay	5.43482	5.43482e+06	4	1
10.6913	0	0	63	LastDelay	0.000752144	752.144	1	1
10.6913	0	0	63	FullDelay	7.01854	7.01854e+06	5	1
10.6954	0	0	64	LastDelay	0.000698144	698.144	1	1
10.6954	0	0	64	FullDelay	7.01873	7.01873e+06	5	1
10.7015	0	0	129	LastDelay	0.000743144	743.144	1	1
10.7015	0	0	129	FullDelay	5.62151	5.62151e+06	4	1
10.7741	0	0	1	LastDelay	0.000734144	734.144	1	1
10.7741	0	0	1	FullDelay	9.27082	9.27082e+06	12	1
10.78	0	0	365	LastDelay	0.000752144	752.144	1	1
10.78	0	0	365	FullDelay	3.37082	3.37082e+06	3	1
10.8934	0	0	179	LastDelay	0.000752144	752.144	1	1
10.8934	0	0	179	FullDelay	4.78098	4.78098e+06	4	1
10.9596	0	0	386	LastDelay	0.000761144	761.144	1	1
10.9596	0	0	386	FullDelay	3.37374	3.37374e+06	3	1
10.9676	0	0	388	LastDelay	0.000761144	761.144	1	1
10.9676	0	0	388	FullDelay	3.37765	3.37765e+06	3	1
10.9915	0	0	87	LastDelay	0.000752144	752.144	1	1
10.9915	0	0	87	FullDelay	6.3225	6.3225e+06	5	1
10.9994	0	0	89	LastDelay	0.000716144	716.144	1	1
10.9994	0	0	89	FullDelay	6.32655	6.32655e+06	5	1
11.0036	0	0	197	LastDelay	0.000725144	725.144	1	1
11.0036	0	0	197	FullDelay	4.83304	4.83304e+06	4	1
11.0181	0	0	177	LastDelay	0.000734144	734.144	1	1
11.0181	0	0	177	FullDelay	4.90978	4.90978e+06	4	1
11.0919	0	0	367	LastDelay	0.000734144	734.144	1	1
11.0919	0	0	367	FullDelay	3.66694	3.66694e+06	3	1
11.1161	0	0	373	LastDelay	0.000725144	725.144	1	1
11.1161	0	0	373	FullDelay	3.66703	3.66703e+06	3	1
11.2949	0	0	97	LastDelay	0.000743144	743.144	1	1
11.2949	0	0	97	FullDelay	6.60609	6.60609e+06	5	1
11.3306	0	0	243	LastDelay	0.000743144	743.144	1	1
11.3306	0	0	243	FullDelay	4.99895	4.99895e+06	4	1
11.3819	0	0	157	LastDelay	0.000761144	761.144	1	1
11.3819	0	0	157	FullDelay	6.19734	6.19734e+06	5	1
11.5178	0	0	92	LastDelay	0.000752144	752.144	1	1
11.5178	0	0	92	FullDelay	6.83897	6.83897e+06	5	1
11.5456	0	0	261	LastDelay	0.000716144	716.144	1	1
11.5456	0	0	261	FullDelay	5.07774	5.07774e+06	4	1
11.6476	0	0	228	LastDelay	0.000752144	752.144	1	1
11.6476	0	0	228	FullDelay	5.34823	5.34823e+06	4	1
11.8233	0	0	41	LastDelay	0.000761144	761.144	1	1
11.8233	0	0	41	FullDelay	8.49262	8.49262e+06	6	1
12.1161	0	0	152	LastDelay	0.000716144	716.144	1	1
12.1161	0	0	152	FullDelay	6.96576	6.96576e+06	5	1
12.218	0	0	267	LastDelay	0.000761144	761.144	1	1
12.218	0	0	267	FullDelay	5.64568	5.64568e+06	4	1
12.2378	0	0	287	LastDelay	0.000743144	743.144	1	1
12.2378	0	0	287	FullDelay	5.57236	5.57236e+06	4	1
12.2696	0	0	271	LastDelay	0.000761144	761.144	1	1
12.2696	0	0	271	FullDelay	5.67338	5.67338e+06	4	1
12.2981	0	0	341	LastDelay	0.000707144	707.144	1	1
12.2981	0	0	341	FullDelay	5.28057	5.28057e+06	4	1
12.3304	0	0	279	LastDelay	0.000752144	752.144	1	1
12.3304	0	0	279	FullDelay	5.68069	5.68069e+06	4	1
12.378	0	0	317	LastDelay	0.000725144	725.144	1	1
12.378	0	0	317	FullDelay	5.43685	5.43685e+06	4	1
12.3983	0	0	325	LastDelay	0.000707144	707.144	1	1
12.3983	0	0	325	FullDelay	5.44131	5.44131e+06	4	1
12.4496	0	0	320	LastDelay	0.000761144	761.144	1	1
12.4496	0	0	320	FullDelay	5.50262	5.50262e+06	4	1
12.4579	0	0	330	LastDelay	0.000743144	743.144	1	1
12.4579	0	0	330	FullDelay	5.47929	5.47929e+06	4	1
12.4899	0	0	31	LastDelay	0.000743144	743.144	1	1
12.4899	0	0	31	FullDelay	10.0219	1.00219e+07	7	1
12.4937	0	0	32	LastDelay	0.000734144	734.144	1	1
12.4937	0	0	32	FullDelay	10.0218	1.00218e+07	7	1
12.5098	0	0	76	LastDelay	0.000707144	707.144	1	1
12.5098	0	0	76	FullDelay	8.77117	8.77117e+06	6	1
12.57	0	0	61	LastDelay	0.000743144	743.144	1	1
12.57	0	0	61	FullDelay	8.90549	8.90549e+06	6	1
12.6121	0	0	28	LastDelay	0.000716144	716.144	1	1
12.6121	0	0	28	FullDelay	10.1562	1.01562e+07	7	1
12.6283	0	0	166	LastDelay	0.000716144	716.144	1	1
12.6283	0	0	166	FullDelay	7.38345	7.38345e+06	5	1
12.6363	0	0	80	LastDelay	0.000743144	743.144	1	1
12.6363	0	0	80	FullDelay	8.8896	8.8896e+06	6	1
12.6383	0	0	126	LastDelay	0.000761144	761.144	1	1
12.6383	0	0	126	FullDelay	7.57614	7.57614e+06	5	1
12.6928	0	0	131	LastDelay	0.000734144	734.144	1	1
12.6928	0	0	131	FullDelay	7.60087	7.60087e+06	5	1
12.7068	0	0	361	LastDelay	0.000743144	743.144	1	1
12.7068	0	0	361	FullDelay	5.49066	5.49066e+06	4	1
12.7227	0	0	184	LastDelay	0.000743144	743.144	1	1
12.7227	0	0	184	FullDelay	6.60015	6.60015e+06	5	1
12.7326	0	0	352	LastDelay	0.000752144	752.144	1	1
12.7326	0	0	352	FullDelay	5.55704	5.55704e+06	4	1
12.7367	0	0	353	LastDelay	0.000752144	752.144	1	1
12.7367	0	0	353	FullDelay	5.55684	5.55684e+06	4	1
12.7408	0	0	354	LastDelay	0.000734144	734.144	1	1
12.7408	0	0	354	FullDelay	5.55678	5.55678e+06	4	1
12.9253	0	0	203	LastDelay	0.000752144	752.144	1	1
12.9253	0	0	203	FullDelay	6.73098	6.73098e+06	5	1
13.0899	0	0	368	LastDelay	0.000716144	716.144	1	1
13.0899	0	0	368	FullDelay	5.66074	5.66074e+06	4	1
13.0939	0	0	369	LastDelay	0.000752144	752.144	1	1
13.0939	0	0	369	FullDelay	5.66072	5.66072e+06	4	1
13.1019	0	0	371	LastDelay	0.000761144	761.144	1	1
13.1019	0	0	371	FullDelay	5.66096	5.66096e+06	4	1
13.1058	0	0	372	LastDelay	0.000743144	743.144	1	1
13.1058	0	0	372	FullDelay	5.66097	5.66097e+06	4	1
13.1341	0	0	207	LastDelay	0.000743144	743.144	1	1
13.1341	0	0	207	FullDelay	6.9282	6.9282e+06	5	1
13.1786	0	0	175	LastDelay	0.000689144	689.144	1	1
13.1786	0	0	175	FullDelay	7.07421	7.07421e+06	5	1
13.1827	0	0	206	LastDelay	0.000734144	734.144	1	1
13.1827	0	0	206	FullDelay	6.98085	6.98085e+06	5	1
13.2115	0	0	246	LastDelay	0.000761144	761.144	1	1
13.2115	0	0	246	FullDelay	6.87378	6.87378e+06	5	1
13.3241	0	0	215	LastDelay	0.000752144	752.144	1	1
13.3241	0	0	215	FullDelay	7.08451	7.08451e+06	5	1
13.3603	0	0	209	LastDelay	0.000752144	752.144	1	1
13.3603	0	0	209	FullDelay	7.14485	7.14485e+06	5	1
13.8108	0	0	40	LastDelay	0.000689144	689.144	1	1
13.8108	0	0	40	FullDelay	10.4843	1.04843e+07	7	1
13.9495	0	0	250	LastDelay	0.000734144	734.144	1	1
13.9495	0	0	250	FullDelay	7.50368	7.50368e+06	5	1
14.0092	0	0	104	LastDelay	0.000734144	734.144	1	1
14.0092	0	0	104	FullDelay	9.27165	9.27165e+06	6	1
14.0475	0	0	146	LastDelay	0.000743144	743.144	1	1
14.0475	0	0	146	FullDelay	8.90931	8.90931e+06	6	1
14.0638	0	0	108	LastDelay	0.000752144	752.144	1	1
14.0638	0	0	108	FullDelay	9.31014	9.31014e+06	6	1
14.0678	0	0	109	LastDelay	0.000725144	725.144	1	1
14.0678	0	0	109	FullDelay	9.31017	9.31017e+06	6	1
14.1037	0	0	142	LastDelay	0.000752144	752.144	1	1
14.1037	0	0	142	FullDelay	8.97329	8.97329e+06	6	1
14.1595	0	0	328	LastDelay	0.000743144	743.144	1	1
14.1595	0	0	328	FullDelay	7.19661	7.19661e+06	5	1
14.2069	0	0	113	LastDelay	0.000725144	725.144	1	1
14.2069	0	0	113	FullDelay	9.23136	9.23136e+06	6	1
14.2231	0	0	346	LastDelay	0.000734144	734.144	1	1
14.2231	0	0	346	FullDelay	7.19568	7.19568e+06	5	1
14.2271	0	0	347	LastDelay	0.000698144	698.144	1	1
14.2271	0	0	347	FullDelay	7.19782	7.19782e+06	5	1
14.2413	0	0	349	LastDelay	0.000698144	698.144	1	1
14.2413	0	0	349	FullDelay	7.20803	7.20803e+06	5	1
14.3268	0	0	283	LastDelay	0.000743144	743.144	1	1
14.3268	0	0	283	FullDelay	7.66928	7.66928e+06	5	1
14.3547	0	0	334	LastDelay	0.000752144	752.144	1	1
14.3547	0	0	334	FullDelay	7.36087	7.36087e+06	5	1
14.3847	0	0	323	LastDelay	0.000752144	752.144	1	1
14.3847	0	0	323	FullDelay	7.43183	7.43183e+06	5	1
14.3931	0	0	140	LastDelay	0.000734144	734.144	1	1
14.3931	0	0	140	FullDelay	9.26653	9.26653e+06	6	1
14.4092	0	0	172	LastDelay	0.000752144	752.144	1	1
14.4092	0	0	172	FullDelay	9.14072	9.14072e+06	6	1
14.4252	0	0	307	LastDelay	0.000743144	743.144	1	1
14.4252	0	0	307	FullDelay	7.57192	7.57192e+06	5	1
14.4852	0	0	335	LastDelay	0.000707144	707.144	1	1
14.4852	0	0	335	FullDelay	7.48753	7.48753e+06	5	1
14.4956	0	0	289	LastDelay	0.000752144	752.144	1	1
14.4956	0	0	289	FullDelay	7.82423	7.82423e+06	5	1
14.5161	0	0	293	LastDelay	0.000734144	734.144	1	1
14.5161	0	0	293	FullDelay	7.83427	7.83427e+06	5	1
14.5412	0	0	295	LastDelay	0.000707144	707.144	1	1
14.5412	0	0	295	FullDelay	7.8553	7.8553e+06	5	1
14.5451	0	0	299	LastDelay	0.000725144	725.144	1	1
14.5451	0	0	299	FullDelay	7.73785	7.73785e+06	5	1
14.6011	0	0	364	LastDelay	0.000725144	725.144	1	1
14.6011	0	0	364	FullDelay	7.19384	7.19384e+06	5	1
14.605	0	0	300	LastDelay	0.000734144	734.144	1	1
14.605	0	0	300	FullDelay	7.76567	7.76567e+06	5	1
14.7007	0	0	358	LastDelay	0.000743144	743.144	1	1
14.7007	0	0	358	FullDelay	7.49638	7.49638e+06	5	1
14.7127	0	0	363	LastDelay	0.000761144	761.144	1	1
14.7127	0	0	363	FullDelay	7.3074	7.3074e+06	5	1
14.7286	0	0	185	LastDelay	0.000716144	716.144	1	1
14.7286	0	0	185	FullDelay	8.60409	8.60409e+06	6	1
14.8891	0	0	181	LastDelay	0.000752144	752.144	1	1
14.8891	0	0	181	FullDelay	8.7726	8.7726e+06	6	1
14.9217	0	0	201	LastDelay	0.000734144	734.144	1	1
14.9217	0	0	201	FullDelay	8.73542	8.73542e+06	6	1
14.9356	0	0	385	LastDelay	0.000752144	752.144	1	1
14.9356	0	0	385	FullDelay	7.35171	7.35171e+06	5	1
14.9831	0	0	88	LastDelay	0.000734144	734.144	1	1
14.9831	0	0	88	FullDelay	10.3122	1.03122e+07	7	1
15.0049	0	0	199	LastDelay	0.000761144	761.144	1	1
15.0049	0	0	199	FullDelay	8.82635	8.82635e+06	6	1
15.0289	0	0	379	LastDelay	0.000752144	752.144	1	1
15.0289	0	0	379	FullDelay	7.45887	7.45887e+06	5	1
15.319	0	0	2	LastDelay	0.000743144	743.144	1	1
15.319	0	0	2	FullDelay	13.8118	1.38118e+07	14	1
15.3549	0	0	15	LastDelay	0.000698144	698.144	1	1
15.3549	0	0	15	FullDelay	13.7733	1.37733e+07	10	1
15.5847	0	0	10	LastDelay	0.000761144	761.144	1	1
15.5847	0	0	10	FullDelay	14.0131	1.40131e+07	10	1
15.6328	0	0	161	LastDelay	0.000752144	752.144	1	1
15.6328	0	0	161	FullDelay	10.4323	1.04323e+07	7	1
15.6647	0	0	236	LastDelay	0.000734144	734.144	1	1
15.6647	0	0	236	FullDelay	9.3474	9.3474e+06	6	1
15.8686	0	0	263	LastDelay	0.000743144	743.144	1	1
15.8686	0	0	263	FullDelay	9.38863	9.38863e+06	6	1
15.8928	0	0	44	LastDelay	0.000743144	743.144	1	1
15.8928	0	0	44	FullDelay	12.5503	1.25503e+07	8	1
15.9525	0	0	251	LastDelay	0.000734144	734.144	1	1
15.9525	0	0	251	FullDelay	9.50464	9.50464e+06	6	1
16.2396	0	0	288	LastDelay	0.000752144	752.144	1	1
16.2396	0	0	288	FullDelay	9.57204	9.57204e+06	6	1
16.4063	0	0	312	LastDelay	0.000725144	725.144	1	1
16.4063	0	0	312	FullDelay	9.54294	9.54294e+06	6	1
16.4347	0	0	52	LastDelay	0.000761144	761.144	1	1
16.4347	0	0	52	FullDelay	12.8335	1.28335e+07	8	1
16.4584	0	0	331	LastDelay	0.000743144	743.144	1	1
16.4584	0	0	331	FullDelay	9.47594	9.47594e+06	6	1
16.6972	0	0	336	LastDelay	0.000707144	707.144	1	1
16.6972	0	0	336	FullDelay	9.69542	9.69542e+06	6	1
17.1122	0	0	374	LastDelay	0.000734144	734.144	1	1
17.1122	0	0	374	FullDelay	9.65906	9.65906e+06	6	1
17.217	0	0	208	LastDelay	0.000752144	752.144	1	1
17.217	0	0	208	FullDelay	11.0073	1.10073e+07	7	1
17.221	0	0	375	LastDelay	0.000689144	689.144	1	1
17.221	0	0	375	FullDelay	9.66446	9.66446e+06	6	1
17.6724	0	0	238	LastDelay	0.000743144	743.144	1	1
17.6724	0	0	238	FullDelay	11.3512	1.13512e+07	7	1
17.7124	0	0	43	LastDelay	0.000752144	752.144	1	1
17.7124	0	0	43	FullDelay	14.3738	1.43738e+07	9	1
17.9932	0	0	264	LastDelay	0.000725144	725.144	1	1
17.9932	0	0	264	FullDelay	11.5053	1.15053e+07	7	1
18.0374	0	0	106	LastDelay	0.000698144	698.144	1	1
18.0374	0	0	106	FullDelay	13.2918	1.32918e+07	8	1
18.127	0	0	276	LastDelay	0.000752144	752.144	1	1
18.127	0	0	276	FullDelay	11.5111	1.15111e+07	7	1
18.155	0	0	274	LastDelay	0.000752144	752.144	1	1
18.155	0	0	274	FullDelay	11.5469	1.15469e+07	7	1
18.2028	0	0	150	LastDelay	0.000752144	752.144	1	1
18.2028	0	0	150	FullDelay	13.0565	1.30565e+07	8	1
18.2709	0	0	324	LastDelay	0.000761144	761.144	1	1
18.2709	0	0	324	FullDelay	11.316	1.1316e+07	7	1
18.3084	0	0	54	LastDelay	0.000743144	743.144	1	1
18.3084	0	0	54	FullDelay	14.7032	1.47032e+07	9	1
18.4284	0	0	308	LastDelay	0.000761144	761.144	1	1
18.4284	0	0	308	FullDelay	11.573	1.1573e+07	7	1
18.4501	0	0	122	LastDelay	0.000734144	734.144	1	1
18.4501	0	0	122	FullDelay	13.3978	1.33978e+07	8	1
18.538	0	0	170	LastDelay	0.000734144	734.144	1	1
18.538	0	0	170	FullDelay	13.2775	1.32775e+07	8	1
18.5462	0	0	304	LastDelay	0.000761144	761.144	1	1
18.5462	0	0	304	FullDelay	11.6988	1.16988e+07	7	1
18.6195	0	0	78	LastDelay	0.000698144	698.144	1	1
18.6195	0	0	78	FullDelay	14.8768	1.48768e+07	9	1
19.0746	0	0	223	LastDelay	0.000725144	725.144	1	1
19.0746	0	0	223	FullDelay	12.8051	1.28051e+07	8	1
19.1681	0	0	14	LastDelay	0.000743144	743.144	1	1
19.1681	0	0	14	FullDelay	17.5884	1.75884e+07	12	1
19.172	0	0	174	LastDelay	0.000761144	761.144	1	1
19.172	0	0	174	FullDelay	13.0697	1.30697e+07	8	1
19.7157	0	0	254	LastDelay	0.000752144	752.144	1	1
19.7157	0	0	254	FullDelay	13.2618	1.32618e+07	8	1
20.1053	0	0	143	LastDelay	0.000725144	725.144	1	1
20.1053	0	0	143	FullDelay	14.973	1.4973e+07	9	1
20.2939	0	0	340	LastDelay	0.000761144	761.144	1	1
20.2939	0	0	340	FullDelay	13.2784	1.32784e+07	8	1
20.9288	0	0	384	LastDelay	0.000752144	752.144	1	1
20.9288	0	0	384	FullDelay	13.3469	1.33469e+07	8	1
20.9671	0	0	370	LastDelay	0.000725144	725.144	1	1
20.9671	0	0	370	FullDelay	13.53	1.353e+07	8	1
21.1999	0	0	242	LastDelay	0.000761144	761.144	1	1
21.1999	0	0	242	FullDelay	14.8703	1.48703e+07	9	1
21.4605	0	0	231	LastDelay	0.000707144	707.144	1	1
21.4605	0	0	231	FullDelay	15.1531	1.51531e+07	9	1
21.4966	0	0	156	LastDelay	0.000698144	698.144	1	1
21.4966	0	0	156	FullDelay	16.3162	1.63162e+07	10	1
21.5307	0	0	259	LastDelay	0.000752144	752.144	1	1
21.5307	0	0	259	FullDelay	15.067	1.5067e+07	9	1
21.5391	0	0	260	LastDelay	0.000707144	707.144	1	1
21.5391	0	0	260	FullDelay	15.0733	1.50733e+07	9	1
21.9363	0	0	249	LastDelay	0.000761144	761.144	1	1
21.9363	0	0	249	FullDelay	15.4924	1.54924e+07	9	1
21.9993	0	0	266	LastDelay	0.000761144	761.144	1	1
21.9993	0	0	266	FullDelay	15.5035	1.55035e+07	9	1
22.207	0	0	114	LastDelay	0.000752144	752.144	1	1
22.207	0	0	114	FullDelay	17.2294	1.72294e+07	10	1
22.3044	0	0	318	LastDelay	0.000761144	761.144	1	1
22.3044	0	0	318	FullDelay	15.3612	1.53612e+07	9	1
22.4122	0	0	313	LastDelay	0.000761144	761.144	1	1
22.4122	0	0	313	FullDelay	15.5468	1.55468e+07	9	1
22.4363	0	0	69	LastDelay	0.000743144	743.144	1	1
22.4363	0	0	69	FullDelay	18.7116	1.87116e+07	11	1
22.52	0	0	294	LastDelay	0.000698144	698.144	1	1
22.52	0	0	294	FullDelay	15.8362	1.58362e+07	9	1
22.5862	0	0	82	LastDelay	0.000716144	716.144	1	1
22.5862	0	0	82	FullDelay	18.8356	1.88356e+07	11	1
22.6906	0	0	67	LastDelay	0.000761144	761.144	1	1
22.6906	0	0	67	FullDelay	18.97	1.897e+07	11	1
23.2884	0	0	98	LastDelay	0.000761144	761.144	1	1
23.2884	0	0	98	FullDelay	18.5975	1.85975e+07	11	1
23.5162	0	0	93	LastDelay	0.000734144	734.144	1	1
23.5162	0	0	93	FullDelay	18.8354	1.88354e+07	11	1
23.5245	0	0	258	LastDelay	0.000761144	761.144	1	1
23.5245	0	0	258	FullDelay	17.0627	1.70627e+07	10	1
24.218	0	0	345	LastDelay	0.000761144	761.144	1	1
24.218	0	0	345	FullDelay	17.1926	1.71926e+07	10	1
24.2602	0	0	117	LastDelay	0.000734144	734.144	1	1
24.2602	0	0	117	FullDelay	19.2766	1.92766e+07	11	1
24.3156	0	0	281	LastDelay	0.000752144	752.144	1	1
24.3156	0	0	281	FullDelay	17.662	1.7662e+07	10	1
24.4163	0	0	326	LastDelay	0.000752144	752.144	1	1
24.4163	0	0	326	FullDelay	17.4573	1.74573e+07	10	1
24.4989	0	0	291	LastDelay	0.000761144	761.144	1	1
24.4989	0	0	291	FullDelay	17.8212	1.78212e+07	10	1
24.6271	0	0	127	LastDelay	0.000734144	734.144	1	1
24.6271	0	0	127	FullDelay	19.5609	1.95609e+07	11	1
24.6409	0	0	73	LastDelay	0.000761144	761.144	1	1
24.6409	0	0	73	FullDelay	20.9081	2.09081e+07	12	1
24.9489	0	0	387	LastDelay	0.000734144	734.144	1	1
24.9489	0	0	387	FullDelay	17.3611	1.73611e+07	10	1
25.0666	0	0	222	LastDelay	0.000761144	761.144	1	1
25.0666	0	0	222	FullDelay	18.7991	1.87991e+07	11	1
25.5806	0	0	158	LastDelay	0.000734144	734.144	1	1
25.5806	0	0	158	FullDelay	20.3919	2.03919e+07	12	1
26.0001	0	0	103	LastDelay	0.000752144	752.144	1	1
26.0001	0	0	103	FullDelay	21.2665	2.12665e+07	12	1
26.0946	0	0	269	LastDelay	0.000761144	761.144	1	1
26.0946	0	0	269	FullDelay	19.5146	1.95146e+07	11	1
26.2972	0	0	342	LastDelay	0.000734144	734.144	1	1
26.2972	0	0	342	FullDelay	19.2775	1.92775e+07	11	1
26.5135	0	0	292	LastDelay	0.000743144	743.144	1	1
26.5135	0	0	292	FullDelay	19.8337	1.98337e+07	11	1
26.8911	0	0	182	LastDelay	0.000716144	716.144	1	1
26.8911	0	0	182	FullDelay	20.7727	2.07727e+07	12	1
27.0572	0	0	381	LastDelay	0.000761144	761.144	1	1
27.0572	0	0	381	FullDelay	19.4813	1.94813e+07	11	1
27.2019	0	0	245	LastDelay	0.000743144	743.144	1	1
27.2019	0	0	245	FullDelay	20.8662	2.08662e+07	12	1
28.0723	0	0	149	LastDelay	0.000752144	752.144	1	1
28.0723	0	0	149	FullDelay	22.928	2.2928e+07	13	1
28.3834	0	0	366	LastDelay	0.000716144	716.144	1	1
28.3834	0	0	366	FullDelay	20.9723	2.09723e+07	12	1
28.4939	0	0	290	LastDelay	0.000725144	725.144	1	1
28.4939	0	0	290	FullDelay	21.8183	2.18183e+07	12	1
28.6033	0	0	138	LastDelay	0.000743144	743.144	1	1
28.6033	0	0	138	FullDelay	23.4808	2.34808e+07	13	1
29.5041	0	0	225	LastDelay	0.000734144	734.144	1	1
29.5041	0	0	225	FullDelay	23.2267	2.32267e+07	13	1
29.8464	0	0	46	LastDelay	0.000725144	725.144	1	1
29.8464	0	0	46	FullDelay	26.4959	2.64959e+07	15	1
30.2235	0	0	286	LastDelay	0.000716144	716.144	1	1
30.2235	0	0	286	FullDelay	23.56	2.356e+07	13	1
30.5227	0	0	71	LastDelay	0.000725144	725.144	1	1
30.5227	0	0	71	FullDelay	26.7938	2.67938e+07	15	1
30.6846	0	0	321	LastDelay	0.000725144	725.144	1	1
30.6846	0	0	321	FullDelay	23.7356	2.37356e+07	13	1
32.4679	0	0	333	LastDelay	0.000743144	743.144	1	1
32.4679	0	0	333	FullDelay	25.4778	2.54778e+07	14	1
32.5245	0	0	134	LastDelay	0.000698144	698.144	1	1
32.5245	0	0	134	FullDelay	27.4099	2.74099e+07	15	1
34.7066	0	0	86	LastDelay	0.000743144	743.144	1	1
34.7066	0	0	86	FullDelay	30.0396	3.00396e+07	17	1
36.5945	0	0	27	LastDelay	0.000707144	707.144	1	1
36.5945	0	0	27	FullDelay	34.1449	3.41449e+07	19	1
36.6003	0	0	124	LastDelay	0.000725144	725.144	1	1
36.6003	0	0	124	FullDelay	31.5442	3.15442e+07	17	1
36.6561	0	0	128	LastDelay	0.000689144	689.144	1	1
36.6561	0	0	128	FullDelay	31.5801	3.15801e+07	17	1
37.627	0	0	227	LastDelay	0.000752144	752.144	1	1
37.627	0	0	227	FullDelay	31.3316	3.13316e+07	17	1
37.7737	0	0	39	LastDelay	0.000752144	752.144	1	1
37.7737	0	0	39	FullDelay	34.4513	3.44513e+07	19	1
38.4334	0	0	319	LastDelay	0.000743144	743.144	1	1
38.4334	0	0	319	FullDelay	31.4883	3.14883e+07	17	1
39.648	0	0	235	LastDelay	0.000689144	689.144	1	1
39.648	0	0	235	FullDelay	33.3326	3.33326e+07	18	1
40.3005	0	0	55	LastDelay	0.000752144	752.144	1	1
40.3005	0	0	55	FullDelay	36.6934	3.66934e+07	20	1
41.5826	0	0	232	LastDelay	0.000725144	725.144	1	1
41.5826	0	0	232	FullDelay	35.2732	3.52732e+07	19	1
44.5545	0	0	360	LastDelay	0.000761144	761.144	1	1
44.5545	0	0	360	FullDelay	37.3421	3.73421e+07	20	1
46.4993	0	0	133	LastDelay	0.000752144	752.144	1	1
46.4993	0	0	133	FullDelay	41.3869	4.13869e+07	22	1
47.2068	0	0	376	LastDelay	0.000725144	725.144	1	1
47.2068	0	0	376	FullDelay	39.6464	3.96464e+07	21	1
48.24	0	0	116	LastDelay	0.000743144	743.144	1	1
48.24	0	0	116	FullDelay	43.2582	4.32582e+07	23	1
48.4934	0	0	79	LastDelay	0.000752144	752.144	1	1
48.4934	0	0	79	FullDelay	44.7487	4.47487e+07	24	1
50.667	0	0	130	LastDelay	0.000752144	752.144	1	1
50.667	0	0	130	FullDelay	45.583	4.5583e+07	24	1
52.53	0	0	309	LastDelay	0.000698144	698.144	1	1
52.53	0	0	309	FullDelay	45.6727	4.56727e+07	24	1
52.7234	0	0	355	LastDelay	0.000752144	752.144	1	1
52.7234	0	0	355	FullDelay	45.5352	4.55352e+07	24	1
52.7349	0	0	356	LastDelay	0.000734144	734.144	1	1
52.7349	0	0	356	FullDelay	45.5385	4.55385e+07	24	1
59.5333	0	0	160	LastDelay	0.000734144	734.144	1	1
59.5333	0	0	160	FullDelay	54.3367	5.43367e+07	29	1
72.5154	0	0	169	LastDelay	0.000734144	734.144	1	1
72.5154	0	0	169	FullDelay	67.259	6.7259e+07	35	1
